7 7 7 0.0008720573623951 0.3914214671
15 7 15 0.0005047974854136 0.2878185644
11 7 11 0.0003992407937078 0.2835325365
7 7 7 7 0.0160110911608143 0.2502862960
18 7 18 0.0003423604552126 0.2296205630
9 7 9 0.0011137552712427 0.2213701431
18 7 7 18 0.0018862744782111 0.2205332086
5 7 5 0.000383106541867 0.2122986823
8 7 8 0.0003687745103832 0.2122314050
15 15 7 0.0001566464911951 0.2098999189
14 7 14 0.0002977959395744 0.2089617806
15 7 7 15 0.0033883843113726 0.2081743003
11 7 7 11 0.0030121645370574 0.1962782455
4 7 4 0.0001587506524058 0.1938438989
15 15 15 15 0.0051885691024933 0.1860737273
17 17 7 8.98712379554e-05 0.1782886335
17 7 17 0.0005294077454835 0.1776367962
13 7 13 0.0001118454942636 0.1742272797
10 7 10 0.0005444383663911 0.1717260082
15 15 7 7 0.0034042526340968 0.1642531244
7 7 15 7 0.0002181337882762 0.1637990365
15 15 9 15 0.000155283882872 0.1560916767
17 7 7 17 0.0034520489044145 0.1530793088
9 7 7 9 0.0092000594893911 0.1530140845
17 17 7 7 0.0002851763985613 0.1521604300
16 7 16 0.0004197051857549 0.1485767907
14 7 7 14 0.0105940778146168 0.1432027092
8 7 7 8 0.0043855497432389 0.1403136922
3 3 16 3 3.8548004564e-06 0.1388888889
5 7 7 5 0.004940704205521 0.1377231625
11 11 9 11 0.0005607350097238 0.1375943187
11 11 11 11 0.0008374085132456 0.1374947280
15 15 11 15 0.0001752299435812 0.1370611183
15 15 7 15 0.0012727320219498 0.1362854013
7 7 16 7 8.26568455168e-05 0.1342672414
15 15 16 15 0.0004125435357664 0.1340092166
16 7 7 16 0.0039362851539528 0.1334674715
11 11 15 11 0.000386305678543 0.1327185245
9 9 9 9 0.0009637448090576 0.1327002053
11 15 15 11 0.0017872935171803 0.1268656716
16 16 7 0.0001954458055498 0.1245391890
9 15 0.0034273752780145 0.1237309645
15 9 0.0010032100410314 0.1237309645
17 17 17 0.0031881919438284 0.1204364247
11 15 0.0009543701547069 0.1197621744
15 11 0.001403696546022 0.1197621744
10 7 7 10 0.0144945584076958 0.1171222692
13 7 7 13 0.0087229522440028 0.1169324926
4 7 7 4 0.0057047802059908 0.1165631470
7 15 15 7 0.0004947445417622 0.1162458313
