7 7 7 0.0008720573623951
15 7 15 0.0005047974854136
11 7 11 0.0003992407937078
7 7 7 7 0.0160110911608143
18 7 18 0.0003423604552126
9 7 9 0.0011137552712427
18 7 7 18 0.0018862744782111
5 7 5 0.000383106541867
8 7 8 0.0003687745103832
15 15 7 0.0001566464911951
14 7 14 0.0002977959395744
15 7 7 15 0.0033883843113726
11 7 7 11 0.0030121645370574
4 7 4 0.0001587506524058
15 15 15 15 0.0051885691024933
17 17 7 8.98712379554e-05
17 7 17 0.0005294077454835
13 7 13 0.0001118454942636
10 7 10 0.0005444383663911
15 15 7 7 0.0034042526340968
7 7 15 7 0.0002181337882762
15 15 9 15 0.000155283882872
17 7 7 17 0.0034520489044145
9 7 7 9 0.0092000594893911
17 17 7 7 0.0002851763985613
16 7 16 0.0004197051857549
14 7 7 14 0.0105940778146168
8 7 7 8 0.0043855497432389
3 3 16 3 3.8548004564e-06
5 7 7 5 0.004940704205521
11 11 9 11 0.0005607350097238
11 11 11 11 0.0008374085132456
15 15 11 15 0.0001752299435812
15 15 7 15 0.0012727320219498
7 7 16 7 8.26568455168e-05
15 15 16 15 0.0004125435357664
16 7 7 16 0.0039362851539528
11 11 15 11 0.000386305678543
9 9 9 9 0.0009637448090576
11 15 15 11 0.0017872935171803
16 16 7 0.0001954458055498
9 15 0.0034273752780145
15 9 0.0010032100410314
17 17 17 0.0031881919438284
11 15 0.0009543701547069
15 11 0.001403696546022
10 7 7 10 0.0144945584076958
13 7 7 13 0.0087229522440028
4 7 7 4 0.0057047802059908
7 15 15 7 0.0004947445417622
